0 271 185
0 291 186
0 300 467
0 307 471
0 314 153
0 325 149
0 333 171
0 343 150
0 347 191
0 352 184
0 356 331
0 362 258
0 368 109
0 373 125
0 378 145
0 385 269
0 393 290
0 399 293
0 405 326
5 293 304
5 302 471
5 310 199
5 322 201
5 334 201
5 341 196
5 351 131
5 362 309
5 368 301
5 372 295
5 377 334
5 384 123
5 392 149
5 398 345
10 280 183
10 300 468
10 307 472
10 317 313
10 333 192
10 343 176
10 368 134
10 375 328
10 381 122
10 388 125
10 394 346
10 401 336
15 290 180
15 298 197
15 305 306
15 316 162
15 327 197
15 337 161
15 375 318
15 383 309
15 399 324
20 294 399
20 303 175
20 320 183
20 331 184
20 359 139
20 372 132
20 381 338
20 389 293
20 397 312
25 307 188
25 318 305
25 331 163
25 350 173
25 358 154
25 368 118
25 375 117
25 383 333
25 388 293
25 394 348
25 400 153
30 296 275
30 302 287
30 312 259
30 317 305
30 323 268
30 332 207
30 345 201
30 357 169
30 366 120
30 373 145
30 376 307
30 383 142
30 388 121
30 395 314
30 405 146
35 213 112
35 311 179
35 321 175
35 332 207
35 343 302
35 359 138
35 363 177
35 371 266
35 377 275
35 384 271
35 390 299
35 396 329
35 401 323
40 194 121
40 214 111
40 233 111
40 292 159
40 314 140
40 325 185
40 334 179
40 345 169
40 374 118
40 382 303
40 387 147
40 394 128
40 407 150
45 191 106
45 213 103
45 231 109
45 317 198
45 336 199
45 380 285
45 400 143
50 185 136
50 201 156
50 224 89
50 238 141
50 251 120
50 285 449
50 377 280
55 153 65
55 171 64
55 176 85
55 187 146
55 196 65
55 214 177
55 233 49
55 242 150
55 250 136
55 256 457
55 262 115
55 268 421
55 279 421
55 296 448
55 389 129
60 144 69
60 160 87
60 173 119
60 188 149
60 202 43
60 225 41
60 234 166
60 243 156
60 249 424
60 257 138
60 260 88
60 264 127
60 271 461
60 286 438
60 297 417
60 305 424
60 320 146
60 371 160
60 392 137
60 403 163
65 218 454
65 228 433
65 239 403
65 254 420
65 272 477
65 289 460
65 309 278
65 314 413
65 322 270
65 363 179
65 375 149
65 388 172
65 408 141
70 231 385
70 254 384
70 360 182
70 375 201
70 389 185
70 408 171
75 220 386
75 241 377
75 261 378
75 303 173
75 362 195
75 375 195
75 388 156
75 406 159
80 413 170
85 114 402
85 254 271
85 380 174
85 388 309
85 399 307
85 409 160
85 414 287
85 423 174
90 114 412
90 131 409
90 153 171
90 256 273
90 381 289
90 391 305
90 398 173
90 404 279
90 413 163
90 419 195
90 424 180
95 95 386
95 113 412
95 131 412
95 403 273
95 411 169
95 418 275
95 423 196
100 88 385
100 100 399
100 125 420
100 215 397
100 233 391
100 244 351
100 255 351
100 401 271
100 412 174
100 419 295
100 423 294
105 89 387
105 122 413
105 214 314
105 226 327
105 233 364
105 239 387
105 247 332
105 255 299
105 266 329
105 380 303
105 406 285
105 417 180
105 423 297
110 85 380
110 117 412
110 173 448
110 214 323
110 235 315
110 258 259
110 271 275
110 293 255
110 422 273
115 120 406
115 134 418
115 152 433
115 178 442
115 199 397
115 216 401
115 221 366
115 225 376
115 231 283
115 245 372
115 261 296
115 269 323
115 332 287
115 357 293
115 392 317
115 426 177
120 117 395
120 150 415
120 171 423
120 221 361
120 227 366
120 231 375
120 245 292
120 257 326
120 373 205
130 228 274
150 224 426
155 324 463
170 307 237
175 132 107
175 141 71
175 147 159
175 159 175
175 181 101
175 189 94
175 197 89
175 202 61
175 208 58
175 213 114
175 220 49
175 229 153
175 253 153
175 274 149
175 289 176
175 300 187
175 317 177
175 337 48
175 354 144
175 372 120
175 388 99
180 111 415
180 124 416
180 131 416
180 143 130
180 151 73
180 167 73
180 175 115
180 185 85
180 192 95
180 197 81
180 202 105
180 207 115
180 215 57
180 235 158
180 253 40
180 259 155
180 265 203
180 277 173
180 298 40
180 318 41
180 340 51
180 358 148
180 370 71
180 386 88
