5 228 83
5 237 79
5 247 80
5 256 85
10 221 91
10 231 94
10 241 95
10 251 95
10 261 93
10 271 86
15 208 82
15 218 77
15 227 97
15 237 98
15 247 100
15 257 98
15 267 98
15 277 100
15 286 98
15 293 94
20 200 94
20 210 97
20 220 100
20 230 103
20 240 104
20 250 103
20 255 73
20 260 74
20 263 74
20 273 75
20 283 77
20 292 105
20 301 88
20 306 98
25 193 86
25 201 100
25 211 102
25 221 71
25 231 70
25 241 69
25 249 91
25 253 85
25 258 86
25 262 109
25 268 110
25 278 111
25 288 110
25 298 78
25 306 107
25 314 92
30 180 95
30 188 103
30 196 81
30 206 76
30 215 110
30 225 70
30 235 69
30 245 68
30 252 94
30 257 89
30 261 66
30 271 68
30 281 69
30 291 72
30 300 113
30 310 111
30 317 109
30 323 105
35 173 105
35 181 108
35 191 82
35 200 112
35 210 74
35 220 72
35 229 120
35 239 121
35 249 123
35 259 123
35 269 121
35 279 119
35 289 118
35 299 117
35 309 115
35 318 81
35 325 89
35 330 107
40 165 101
40 172 113
40 181 116
40 191 118
40 201 119
40 211 120
40 221 71
40 231 69
40 241 65
40 251 64
40 261 62
40 271 62
40 281 63
40 291 65
40 301 69
40 311 72
40 320 77
40 327 115
40 334 93
45 149 117
45 156 119
45 164 102
45 172 94
45 180 88
45 189 124
45 199 78
45 209 74
45 219 72
45 228 132
45 238 65
45 248 63
45 258 61
45 268 60
45 278 60
45 288 61
45 298 64
45 308 68
45 318 72
45 327 78
45 334 85
45 340 112
50 144 118
50 149 112
50 157 128
50 166 97
50 173 128
50 182 128
50 192 129
50 202 131
50 212 132
50 222 70
50 232 66
50 242 63
50 252 60
50 262 58
50 272 56
50 282 57
50 292 60
50 302 62
50 312 65
50 322 71
50 331 77
50 338 119
50 345 117
50 349 104
55 140 114
55 147 129
55 155 103
55 165 97
55 174 135
55 183 136
55 193 81
55 202 76
55 212 72
55 221 142
55 231 144
55 241 145
55 251 58
55 260 56
55 270 55
55 280 55
55 289 140
55 299 134
55 309 62
55 319 65
55 328 126
55 337 78
55 345 85
55 352 95
55 355 107
60 132 136
60 139 134
60 147 131
60 156 102
60 165 96
60 174 92
60 183 85
60 192 143
60 202 76
60 212 71
60 221 150
60 231 151
60 241 153
60 250 155
60 260 155
60 270 152
60 280 150
60 289 146
60 299 141
60 309 136
60 319 62
60 329 67
60 337 128
60 346 80
60 352 123
60 358 99
65 118 158
65 121 148
65 126 142
65 128 159
65 131 145
65 140 109
65 148 135
65 158 136
65 166 137
65 175 141
65 185 85
65 194 149
65 203 151
65 213 69
65 223 63
65 233 60
65 243 56
65 251 163
65 261 50
65 270 162
65 280 49
65 289 154
65 297 149
65 307 55
65 316 57
65 326 62
65 335 66
65 343 73
65 351 80
65 357 124
65 362 115
70 112 170
70 116 175
70 119 153
70 123 135
70 127 124
70 128 172
70 132 165
70 141 111
70 151 108
70 160 103
70 168 136
70 177 90
70 186 84
70 194 149
70 203 74
70 211 158
70 220 63
70 229 166
70 239 168
70 249 172
70 258 175
70 268 173
70 278 46
70 286 163
70 295 48
70 304 50
70 313 145
70 323 142
70 330 140
70 338 59
70 345 136
70 352 77
70 359 86
70 364 121
70 368 107
75 111 163
75 113 182
75 119 134
75 124 122
75 127 142
75 129 163
75 132 172
75 141 136
75 151 104
75 160 97
75 169 92
75 178 140
75 187 143
75 196 78
75 204 71
75 211 157
75 219 162
75 227 56
75 236 172
75 244 179
75 253 184
75 263 183
75 273 46
75 282 43
75 289 167
75 298 159
75 308 43
75 317 149
75 327 145
75 337 144
75 345 59
75 351 137
75 358 80
75 364 88
75 369 100
75 371 112
80 109 165
80 111 153
80 115 187
80 120 122
80 126 144
80 128 113
80 130 163
80 133 172
80 142 134
80 151 133
80 159 135
80 169 86
80 178 139
80 188 144
80 198 73
80 206 150
80 215 62
80 223 159
80 230 166
80 238 173
80 243 187
80 253 43
80 263 43
80 272 186
80 281 42
80 289 42
80 297 42
80 306 160
80 316 46
80 325 47
80 335 48
80 345 53
80 352 62
80 358 140
80 364 82
80 369 130
80 374 99
80 375 112
85 105 185
85 107 173
85 111 190
85 118 189
85 124 186
85 127 183
85 130 179
85 133 166
85 136 134
85 145 131
85 154 132
85 162 85
85 171 135
85 181 140
85 190 147
85 200 149
85 209 148
85 218 150
85 227 51
85 235 158
85 240 180
85 242 173
85 249 195
85 259 194
85 269 189
85 278 41
85 286 176
85 294 172
85 304 44
85 313 163
85 323 159
85 333 157
85 343 154
85 352 57
85 360 65
85 364 143
85 370 137
85 375 127
85 377 105
90 103 170
90 103 190
90 105 224
90 108 194
90 111 229
90 115 130
90 119 122
90 125 188
90 128 154
90 131 161
90 134 137
90 137 100
90 142 96
90 151 89
90 159 85
90 168 78
90 178 73
90 185 147
90 195 148
90 204 149
90 214 57
90 222 53
90 231 47
90 239 158
90 242 186
90 244 165
90 250 196
90 260 194
90 270 35
90 280 38
90 289 41
90 298 43
90 307 46
90 317 47
90 327 48
90 336 162
90 345 159
90 354 57
90 361 66
90 367 77
90 371 140
90 376 134
90 378 109
95 100 237
95 101 232
95 102 165
95 102 226
95 103 222
95 106 248
95 110 209
95 113 209
95 116 234
95 119 117
95 122 197
95 127 191
95 131 189
95 134 139
95 137 169
95 142 135
95 145 186
95 149 181
95 159 81
95 167 76
95 175 140
95 184 66
95 192 61
95 201 150
95 211 150
95 220 149
95 228 145
95 237 148
95 239 191
95 242 176
95 243 174
95 249 197
95 259 192
95 269 34
95 278 187
95 287 37
95 294 174
95 304 43
95 314 47
95 324 49
95 334 52
95 344 55
95 353 160
95 360 66
95 365 76
95 371 82
95 376 93
95 378 104
95 379 125
100 100 152
100 100 230
100 101 174
100 101 220
100 102 219
100 104 208
100 108 259
100 111 252
100 115 119
100 118 199
100 121 110
100 124 215
100 126 104
100 134 97
100 136 161
100 140 144
100 143 200
100 148 86
100 152 199
100 157 140
100 162 78
100 165 199
100 170 71
100 174 69
100 177 189
100 182 149
100 191 153
100 201 52
100 211 53
100 220 50
100 228 48
100 235 198
100 237 191
100 240 159
100 242 174
100 247 40
100 255 193
100 265 192
100 275 189
100 285 184
100 294 178
100 304 39
100 312 179
100 321 48
100 331 52
100 341 55
100 350 166
100 357 163
100 363 158
100 368 151
100 373 90
100 376 133
100 377 124
105 98 158
105 98 193
105 99 195
105 100 223
105 101 205
105 101 258
105 103 265
105 108 268
105 112 267
105 116 197
105 119 198
105 121 208
105 125 104
105 128 209
105 130 222
105 134 94
105 140 220
105 148 80
105 152 162
105 157 151
105 161 168
105 166 72
105 170 174
105 173 209
105 177 64
105 181 158
105 185 200
105 190 56
105 193 55
105 202 50
105 211 165
105 220 156
105 228 149
105 232 218
105 234 218
105 236 190
105 238 181
105 241 169
105 245 41
105 252 197
105 262 192
105 272 35
105 280 186
105 290 182
105 300 181
105 309 180
105 318 176
105 328 49
105 337 55
105 346 61
105 354 66
105 360 160
105 364 157
105 370 90
105 373 100
105 375 112
110 97 167
110 97 187
110 98 229
110 100 151
110 100 211
110 100 256
110 102 142
110 106 130
110 113 117
110 119 268
110 125 256
110 127 248
110 132 95
110 136 89
110 142 84
110 150 78
110 159 226
110 169 70
110 177 223
110 183 59
110 187 205
110 191 203
110 196 198
110 199 175
110 202 50
110 205 50
110 208 169
110 213 47
110 218 46
110 221 218
110 224 253
110 228 213
110 229 151
110 230 229
110 233 192
110 235 160
110 236 217
110 237 180
110 239 164
110 242 43
110 245 237
110 252 197
110 261 39
110 271 37
110 281 35
110 290 186
110 300 34
110 308 183
110 318 45
110 327 49
110 336 175
110 345 62
110 352 167
110 358 162
110 363 156
110 365 148
110 369 102
110 370 114
115 97 172
115 98 158
115 98 215
115 98 236
115 98 270
115 100 203
115 100 262
115 103 276
115 109 275
115 116 271
115 124 101
115 129 260
115 134 251
115 141 87
115 147 80
115 155 242
115 164 243
115 174 66
115 183 61
115 190 250
115 195 204
115 197 201
115 200 186
115 204 186
115 207 253
115 212 49
115 216 206
115 220 203
115 224 46
115 228 195
115 231 182
115 236 224
115 238 220
115 241 229
115 245 232
115 249 42
115 258 191
115 267 188
115 277 189
115 287 40
115 296 187
115 306 41
115 315 186
115 324 50
115 332 176
115 341 62
115 348 69
115 354 79
115 359 155
115 362 95
115 364 117
115 364 137
120 97 180
120 98 151
120 98 171
120 98 213
120 98 233
120 98 267
120 100 252
120 103 138
120 110 121
120 117 115
120 124 105
120 130 268
120 136 261
120 145 81
120 150 208
120 158 257
120 168 257
120 178 64
120 187 260
120 191 261
120 195 203
120 198 221
120 203 55
120 206 53
120 209 201
120 213 51
120 223 48
120 233 47
120 238 225
120 241 209
120 245 45
120 246 237
120 254 194
120 264 43
120 274 42
120 282 192
120 292 191
120 302 189
120 312 186
120 321 181
120 330 58
120 338 65
120 345 73
120 349 164
120 354 151
120 357 141
120 360 107
120 360 127
125 97 179
125 98 165
125 98 196
125 98 227
125 99 209
125 100 240
125 100 260
125 104 136
125 110 281
125 118 277
125 126 107
125 133 95
125 139 88
125 147 128
125 150 134
125 152 266
125 157 75
125 161 74
125 165 266
125 170 71
125 174 267
125 179 212
125 184 206
125 189 206
125 194 204
125 198 204
125 201 270
125 204 58
125 214 55
125 221 259
125 231 257
125 238 215
125 240 250
125 244 228
125 248 228
125 252 241
125 257 191
125 260 189
125 264 187
125 269 186
125 274 47
125 281 48
125 291 47
125 301 48
125 311 52
125 320 57
125 327 63
125 333 69
125 339 76
125 344 157
125 348 93
125 351 140
125 353 114
130 96 280
130 98 173
130 99 187
130 100 194
130 100 222
130 101 143
130 101 205
130 101 253
130 106 134
130 112 283
130 121 113
130 129 108
130 136 98
130 142 127
130 145 124
130 149 136
130 153 273
130 160 273
130 170 73
130 177 211
130 182 69
130 186 209
130 191 66
130 195 275
130 200 207
130 204 222
130 207 275
130 217 272
130 222 263
130 229 55
130 237 252
130 242 219
130 245 222
130 250 53
130 254 191
130 257 190
130 260 230
130 263 187
130 272 192
130 280 196
130 290 192
130 299 187
130 308 58
130 315 64
130 321 171
130 328 164
130 333 156
130 338 90
130 341 98
130 343 106
130 344 120
135 98 277
135 101 140
135 101 191
135 101 257
135 102 161
135 102 201
135 102 221
135 102 293
135 111 130
135 118 118
135 126 112
135 134 104
135 141 286
135 148 284
135 156 80
135 166 77
135 176 74
135 184 71
135 194 69
135 203 218
135 206 280
135 209 280
135 219 278
135 225 255
135 227 266
135 235 251
135 242 208
135 245 202
135 249 220
135 253 192
135 256 58
135 260 236
135 264 228
135 272 58
135 281 193
135 289 187
135 298 63
135 304 69
135 312 72
135 318 158
135 323 153
135 328 143
135 331 133
135 333 112
140 100 279
140 101 297
140 103 143
140 103 243
140 104 162
140 104 212
140 105 152
140 105 192
140 106 298
140 116 131
140 120 290
140 128 111
140 136 103
140 144 96
140 151 90
140 158 291
140 168 79
140 178 77
140 188 74
140 197 72
140 206 71
140 211 70
140 221 69
140 228 251
140 229 280
140 233 249
140 240 210
140 244 202
140 248 196
140 252 66
140 255 218
140 258 66
140 265 196
140 274 66
140 281 183
140 289 179
140 297 74
140 302 164
140 308 86
140 314 92
140 318 98
140 321 111
145 102 272
145 102 292
145 103 270
145 105 237
145 107 170
145 108 166
145 108 215
145 109 305
145 110 199
145 113 305
145 122 300
145 127 117
145 135 300
145 143 103
145 150 98
145 158 91
145 166 304
145 175 299
145 185 296
145 195 296
145 205 296
145 214 293
145 224 291
145 229 74
145 231 286
145 234 276
145 237 217
145 241 203
145 245 197
145 248 238
145 252 219
145 257 76
145 265 193
145 273 79
145 279 81
145 286 168
145 293 161
145 300 96
145 305 104
145 307 116
150 104 279
150 105 276
150 108 245
150 110 235
150 112 220
150 115 307
150 118 178
150 119 163
150 120 148
150 123 194
150 128 126
150 132 309
150 140 310
150 149 106
150 157 100
150 166 93
150 172 313
150 176 207
150 181 196
150 185 88
150 191 305
150 201 302
150 211 302
150 220 300
150 227 245
150 230 243
150 234 242
150 236 210
150 237 291
150 239 238
150 243 195
150 246 85
150 251 85
150 260 187
150 266 176
150 272 167
150 278 159
150 284 110
150 289 117
150 291 127
155 113 253
155 115 281
155 119 230
155 123 290
155 127 215
155 129 167
155 130 174
155 133 140
155 134 208
155 137 199
155 142 119
155 147 115
155 155 300
155 161 308
155 169 314
155 179 314
155 189 314
155 199 314
155 209 311
155 218 309
155 220 248
155 222 219
155 224 218
155 226 240
155 230 96
155 233 209
155 236 97
155 238 284
155 244 100
155 251 184
155 257 175
155 262 112
155 267 118
155 270 142
160 136 154
160 141 134
160 142 169
160 145 233
160 146 265
160 147 278
160 148 271
160 151 197
160 153 223
160 156 191
160 158 210
160 159 206
160 162 227
160 167 217
160 172 109
160 176 214
160 180 105
160 186 296
160 191 280
160 195 298
160 198 264
160 200 281
160 203 245
160 204 270
160 207 284
160 216 237
160 220 110
160 225 214
160 231 119
160 237 124
160 243 129
160 246 136
160 246 171
165 148 137
165 149 153
165 155 167
165 164 127
165 170 183
165 175 196
165 182 204
165 191 209
165 200 124
165 210 128
165 218 214
165 223 141
165 228 151
165 230 167
165 235 177
170 166 144
170 168 166
170 176 170
170 186 172
170 196 141
170 201 147
170 205 162
